1.000000000000000021e-02 1.605298508839352689e+04 1.272995134970742765e+04
1.015521127634568151e-02 1.614489201662604137e+04 1.280287793165042240e+04
1.031283160672184784e-02 1.623511097238315779e+04 1.287446646884835536e+04
1.047289838236358482e-02 1.632357180275291830e+04 1.294466130819558566e+04
1.063544957486011258e-02 1.641020262653791360e+04 1.301340542519803057e+04
1.080052374516252828e-02 1.649492979853039287e+04 1.308064039563330334e+04
1.096816005273137939e-02 1.657767787712937934e+04 1.314630636985994352e+04
1.113839826482619470e-02 1.665836959621664937e+04 1.321034205050280980e+04
1.131127876593921409e-02 1.673692584233074012e+04 1.327268467433857950e+04
1.148684256737553602e-02 1.681326563830949817e+04 1.333326999930956481e+04
1.166513131698196197e-02 1.688730613470950266e+04 1.339203229770340658e+04
1.184618730902683645e-02 1.695896261045561187e+04 1.344890435665107361e+04
1.203005349423324176e-02 1.702814848432250074e+04 1.350381748721360964e+04
1.221677348996791888e-02 1.709477533900188428e+04 1.355670154344841285e+04
1.240639159058831882e-02 1.715875295966024350e+04 1.360748495296569672e+04
1.259895277795027198e-02 1.721998938903908856e+04 1.365609476060283123e+04
1.279450273207873370e-02 1.727839100128997961e+04 1.370245668695519453e+04
1.299308784200415776e-02 1.733386259686357880e+04 1.374649520360316274e+04
1.319475521676705988e-02 1.738630752088024383e+04 1.378813362696087279e+04
1.339955269659338401e-02 1.743562780749430385e+04 1.382729423273928296e+04
1.360752886424333209e-02 1.748172435281450817e+04 1.386389839305656642e+04
1.381873305653632221e-02 1.752449711895427390e+04 1.389786673823724232e+04
1.403321537605484691e-02 1.756384537174594516e+04 1.392911934531082261e+04
1.425102670302997795e-02 1.759966795455426472e+04 1.395757595514199420e+04
1.447221870741134328e-02 1.763186360045671609e+04 1.398315621999179530e+04
1.469684386112445930e-02 1.766033128480958840e+04 1.400577998311190277e+04
1.492495545051829124e-02 1.768497061988206042e+04 1.402536759170747246e+04
1.515660758900602874e-02 1.770568229280339438e+04 1.404184024425728057e+04
1.539185522990205342e-02 1.772236854752579893e+04 1.405512037274968134e+04
1.563075417945816725e-02 1.773493371084877799e+04 1.406513205987235597e+04
1.587336111010209660e-02 1.774328476177892298e+04 1.407180149058128700e+04
1.611973357388157835e-02 1.774733194260901655e+04 1.407505743676923157e+04
1.636993001611702567e-02 1.774698940909966404e+04 1.407483177295934911e+04
1.662400978926612677e-02 1.774217591604052359e+04 1.407106002007356437e+04
1.688203316700363776e-02 1.773281553327486108e+04 1.406368191337737699e+04
1.714406135851971255e-02 1.771883838600854870e+04 1.405264198970258440e+04
1.741015652304016281e-02 1.770018141192292387e+04 1.403789018801583006e+04
1.768038178457207593e-02 1.767678912630251216e+04 1.401938245636356987e+04
1.795480124687831233e-02 1.764861438511577580e+04 1.399708135721390863e+04
1.823348000868441413e-02 1.761561913479672876e+04 1.397095666227143192e+04
1.851648417912155065e-02 1.757777513641799305e+04 1.394098592700228255e+04
1.880388089340915767e-02 1.753506465107877375e+04 1.390715503441835790e+04
1.909573832878097566e-02 1.748748107270821856e+04 1.386945869717509959e+04
1.939212572065830004e-02 1.743502949416149568e+04 1.382790090678033994e+04
1.969311337907422854e-02 1.737772719251278613e+04 1.378249531873235355e+04
1.999877270535286092e-02 1.731560401986688521e+04 1.373326556273620736e+04
2.030917620904735751e-02 1.724870268685245173e+04 1.368024546781362005e+04
2.062439752514091604e-02 1.717707892723995974e+04 1.362347919313690363e+04
2.094451143151469796e-02 1.710080153384696314e+04 1.356302125678042103e+04
2.126959386668690957e-02 1.701995225803214271e+04 1.349893645627936712e+04
2.159972194782718360e-02 1.693462556759907602e+04 1.343129967688360375e+04
2.193497398905059140e-02 1.684492826076873098e+04 1.336019558564494764e+04
2.227542951999557375e-02 1.675097893695911625e+04 1.328571821191900017e+04
2.262116930469025219e-02 1.665290732833335642e+04 1.320797041741873727e+04
2.297227536071152348e-02 1.655085349933663019e+04 1.312706326154218732e+04
2.332883097864157235e-02 1.644496692461945713e+04 1.304311527021715847e+04
2.369092074182633373e-02 1.633540545872238908e+04 1.295625161886780552e+04
2.405863054644065760e-02 1.622233421356013059e+04 1.286660324222070631e+04
2.443204762186488091e-02 1.610592436198581709e+04 1.277430588544776219e+04
2.481126055137769168e-02 1.598635188745325104e+04 1.267949911252157835e+04
2.519635929317014938e-02 1.586379630095661923e+04 1.258232528858138721e+04
2.558743520168587846e-02 1.573843934697365330e+04 1.248292855354172025e+04
2.598458104929248641e-02 1.561046372005402009e+04 1.238145380411002952e+04
2.638789104828933446e-02 1.548005181299295327e+04 1.227804570082390819e+04
2.679746087325690987e-02 1.534738451625071502e+04 1.217284771570381781e+04
2.721338768375307360e-02 1.521264008648482559e+04 1.206600123469585378e+04
2.763577014736158868e-02 1.507599309983645435e+04 1.195764472731389105e+04
2.806470846309837286e-02 1.493761350305382075e+04 1.184791299386149512e+04
2.850030438518106821e-02 1.479766577274805786e+04 1.173693649840355465e+04
2.894266124716750321e-02 1.465630819017298381e+04 1.162484079335418028e+04
2.939188398646885858e-02 1.451369223600180703e+04 1.151174603923254472e+04
2.984807916924327523e-02 1.436996210674412396e+04 1.139776662089402453e+04
3.031135501567579216e-02 1.422525435178893349e+04 1.128301085943572434e+04
3.078182142565080021e-02 1.407969762764732332e+04 1.116758081706197845e+04
3.125959000482281258e-02 1.393341256385749693e+04 1.105157219052085748e+04
3.174477409109193599e-02 1.378651173324057163e+04 1.093507428731480468e+04
3.223748878149030467e-02 1.363909971778122781e+04 1.081817007776668652e+04
3.273785095948576751e-02 1.349127326035509577e+04 1.070093631518721122e+04
3.324597932270941664e-02 1.334312149182613030e+04 1.058344371583519387e+04
3.376199441111340377e-02 1.319472622267075712e+04 1.046575719007132466e+04
3.428601863556586526e-02 1.304616228822010635e+04 1.034793611605359183e+04
3.481817630688966575e-02 1.289749793681084338e+04 1.023003464748004808e+04
3.535859366535179515e-02 1.274879525055747399e+04 1.011210204721980699e+04
3.590739891061055233e-02 1.260011058906195467e+04 9.994183039150546392e+03
3.646472223212748887e-02 1.245149504711777627e+04 9.876318171109169270e+03
3.703069584005141274e-02 1.230299491830534316e+04 9.758544182527590237e+03
3.760545399658171695e-02 1.215465215727606483e+04 9.640894371040143596e+03
3.818913304781854090e-02 1.200650483445086866e+04 9.523398953085272296e+03
3.878187145610723779e-02 1.185858757778823019e+04 9.406085414261089682e+03
3.938380983288489179e-02 1.171093199718083633e+04 9.288978845911500684e+03
3.999509097203665653e-02 1.156356708790338052e+04 9.172102265104527760e+03
4.061585988376979761e-02 1.141651961033932093e+04 9.055476915802943040e+03
4.124626382901352278e-02 1.126981444395464314e+04 8.939122549614763557e+03
4.188645235435271147e-02 1.112347491415292643e+04 8.823057685039495482e+03
4.253657732750387027e-02 1.097752309123763916e+04 8.707299844595278046e+03
4.319679297334173829e-02 1.083198006122161678e+04 8.591865769619984349e+03
4.386725591048498685e-02 1.068686616866434088e+04 8.476771612888942400e+03
4.454812518844988856e-02 1.054220123208662153e+04 8.362033109484364104e+03
4.523956232538053207e-02 1.039800473281433733e+04 8.247665726591658313e+03
4.594173134636476280e-02 1.025429597834427841e+04 8.133684793088950755e+03
4.665479882234473130e-02 1.011109424151093117e+04 8.020105609943794661e+03
4.737893390963143769e-02 9.968418876869220185e+03 7.906943542538995644e+03
4.811430839003259796e-02 9.826289415801682480e+03 7.794214096123738273e+03
4.886109671160326212e-02 9.684725641914466905e+03 7.681932975630524197e+03
4.961947603002903051e-02 9.543747648310514705e+03 7.570116131117573786e+03
5.038962625065150636e-02 9.403375878326120073e+03 7.458779790094582495e+03
5.117173007114604599e-02 9.263631151292733193e+03 7.347940477970563734e+03
5.196597302486197223e-02 9.124534674844493566e+03 7.237615027829561768e+03
5.277254352483537470e-02 8.986108045236400358e+03 7.127820580696162324e+03
5.359163290848514838e-02 8.848373237072566553e+03 7.018574577400705493e+03
5.442343548300266481e-02 8.711352583770642013e+03 6.909894743095929698e+03
5.526814857144603244e-02 8.575068750010937947e+03 6.801799065415327277e+03
5.612597255954971526e-02 8.439544697336710669e+03 6.694305767198499780e+03
5.699711094326075089e-02 8.304803643990893761e+03 6.587433274644151425e+03
5.788177037701273953e-02 8.170869019991617279e+03 6.481200181685921052e+03
5.878016072274912240e-02 8.037764418368351471e+03 6.375625211322204450e+03
5.969249509970733780e-02 7.905513543401827519e+03 6.270727174568693044e+03
6.061898993497571997e-02 7.774140156634959567e+03 6.166524927642291914e+03
6.155986501483507595e-02 7.643668021349480114e+03 6.063037327927446313e+03
6.251534353689711110e-02 7.514120846134259409e+03 5.960283189221394423e+03
6.348565216305217251e-02 7.385522228105980503e+03 5.858281236703136528e+03
6.447102107323869624e-02 7.257895596282129191e+03 5.757050062022720340e+03
6.547168402004736876e-02 7.131264155549125462e+03 5.656608078862072944e+03
6.648787838417262452e-02 7.005650831615192146e+03 5.556973479276508442e+03
6.751984523072501743e-02 6.881078217288846645e+03 5.458164191087277686e+03
6.856782936641737936e-02 6.757568520377975801e+03 5.360197836559192183e+03
6.963207939763882415e-02 6.635143513463137424e+03 5.263091692564527875e+03
7.071284778942996119e-02 6.513824485760079369e+03 5.166862652403791799e+03
7.181039092537348789e-02 6.393632197251577963e+03 5.071527189426194127e+03
7.292496916841444132e-02 6.274586835236517800e+03 4.977101322567267744e+03
7.405684692262434754e-02 6.156707973415193010e+03 4.883600583897939941e+03
7.520629269592407629e-02 6.040014533603091877e+03 4.791039988258363337e+03
7.637357916378019473e-02 5.924524750141723416e+03 4.699434005030836488e+03
7.755898323389001647e-02 5.810256137053213934e+03 4.608796532088947970e+03
7.876278611187055578e-02 5.697225457965948408e+03 4.519140871944573519e+03
7.998527336796708298e-02 5.585448698821111975e+03 4.430479710100613374e+03
8.122673500479711539e-02 5.474941043354104295e+03 4.342825095604615854e+03
8.248746552614581729e-02 5.365716851330967074e+03 4.256188423787668398e+03
8.376776400682915680e-02 5.257789639507447646e+03 4.170580421162786479e+03
8.506793416364152871e-02 5.151172065267266589e+03 4.086011132448437365e+03
8.638828442740444091e-02 5.045875912886424885e+03 4.002489909675003219e+03
8.772912801613361178e-02 4.941912082361962348e+03 3.920025403325355455e+03
8.909078300934138162e-02 4.839290580736043012e+03 3.838625555454724235e+03
9.047357242349297890e-02 4.738020515839858490e+03 3.758297594729954653e+03
9.187782428863335016e-02 4.638110092376441571e+03 3.679048033324040716e+03
9.330387172620364933e-02 4.539566610256732019e+03 3.600882665597924642e+03
9.475205302806542773e-02 4.442396465099504894e+03 3.523806568498700017e+03
9.622271173675139844e-02 4.346605150802482058e+03 3.447824103600736180e+03
9.771619672696175984e-02 4.252197264089698365e+03 3.372938920714359483e+03
9.923286228832550737e-02 4.159176510937986677e+03 3.299153962985148155e+03
1.007730682094461205e-01 4.067545714784517259e+03 3.226471473405929373e+03
1.023371798632519702e-01 3.977306826416074728e+03 3.154893002662826802e+03
1.039255682936712638e-01 3.888460935440747562e+03 3.084419418236489946e+03
1.055386103036523582e-01 3.801008283242526886e+03 3.015050914679621201e+03
1.071766885445502859e-01 3.714948277319807403e+03 2.946787024992243005e+03
1.088401916069006020e-01 3.630279506909660086e+03 2.879626633016883261e+03
1.105295141126021452e-01 3.546999759800633001e+03 2.813567986776554335e+03
1.122450568085306410e-01 3.465106040238479181e+03 2.748608712679650125e+03
1.139872266616051982e-01 3.384594587830603814e+03 2.684745830517085324e+03
1.157564369553304162e-01 3.305460897357111662e+03 2.621975769178572591e+03
1.175531073878369331e-01 3.227699739398233760e+03 2.560294383016472239e+03
1.193776641714436315e-01 3.151305181690347126e+03 2.499696968787612150e+03
1.212305401337652189e-01 3.076270611125089999e+03 2.440178283105210539e+03
1.231121748203890254e-01 3.002588756308734901e+03 2.381732560335226481e+03
1.250230145991455266e-01 2.930251710601679861e+03 2.324353530873551790e+03
1.269635127659973495e-01 2.859250955560605689e+03 2.268034439742632003e+03
1.289341296525715053e-01 2.789577384708965383e+03 2.212768065448493871e+03
1.309353327353610097e-01 2.721221327564142484e+03 2.158546739041405999e+03
1.329675967466212028e-01 2.654172573852945789e+03 2.105362363325913975e+03
1.350314037869872752e-01 2.588420397849851724e+03 2.053206432168240553e+03
1.371272434398400075e-01 2.523953582775816358e+03 2.002070049851735803e+03
1.392556128874462562e-01 2.460760445198348862e+03 1.951943950433313148e+03
1.414170170289023309e-01 2.398828859376739729e+03 1.902818517056376095e+03
1.436119685999077966e-01 2.338146281499493853e+03 1.854683801178245631e+03
1.458409882943985658e-01 2.278699773764045858e+03 1.807529541672435926e+03
1.481046048880674815e-01 2.220476028251911430e+03 1.761345183768694824e+03
1.504033553638024490e-01 2.163461390555506114e+03 1.716119897796023224e+03
1.527377850390713165e-01 2.107641883115797555e+03 1.671842597696308076e+03
1.551084476952839797e-01 2.053003228232958008e+03 1.628501959278552931e+03
1.575159057091622128e-01 1.999530870715027049e+03 1.586086438185969428e+03
1.599607301861487862e-01 1.947210000132415416e+03 1.544584287550366298e+03
1.624435010958867054e-01 1.896025572648893558e+03 1.503983575310594460e+03
1.649648074098020722e-01 1.845962332402281845e+03 1.464272201173781013e+03
1.675252472408215454e-01 1.797004832410814970e+03 1.425437913200278672e+03
1.701254279852589257e-01 1.749137454983504313e+03 1.387468323995175979e+03
1.727659664669036477e-01 1.702344431615400481e+03 1.350350926491166092e+03
1.754474890833459533e-01 1.656609862350922185e+03 1.314073109309471420e+03
1.781706319545730832e-01 1.611917734600723179e+03 1.278622171687254877e+03
1.809360410738716507e-01 1.568251941399711995e+03 1.243985337961727055e+03
1.837443724610726692e-01 1.525596299095922859e+03 1.210149771602758847e+03
1.865962923181745947e-01 1.483934564461912714e+03 1.177102588787394780e+03
1.894924771873821578e-01 1.443250451222266292e+03 1.144830871511185705e+03
1.924336141115980114e-01 1.403527645992529415e+03 1.113321680232625795e+03
1.954204007974053303e-01 1.364749823626686748e+03 1.082562066048391671e+03
1.984535457805803316e-01 1.326900661971747013e+03 1.052539082398267283e+03
2.015337685941733237e-01 1.289963856029698263e+03 1.023239796299945397e+03
2.046617999391989740e-01 1.253923131528349813e+03 9.946512991149111258e+02
2.078383818579757347e-01 1.218762257903980071e+03 9.667607168477318282e+02
2.110642679101554786e-01 1.184465060699966898e+03 9.395552199820497208e+02
2.143402233514856703e-01 1.151015433386649192e+03 9.130220328574663426e+02
2.176670253153459023e-01 1.118397348608806169e+03 8.871484425923531489e+02
2.210454629971021490e-01 1.086594868868102139e+03 8.619218075584439021e+02
2.244763378413223709e-01 1.055592156648685204e+03 8.373295654136916255e+02
2.279604637318979610e-01 1.025373483995074594e+03 8.133592407006314033e+02
2.314986671851160804e-01 9.959232415520646100e+02 7.899984520179842775e+02
2.350917875457286810e-01 9.672259470771866745e+02 7.672349187738407181e+02
2.387406771860647037e-01 9.392662534367475473e+02 7.450564675291868753e+02
2.424462017082328336e-01 9.120289560971192486e+02 7.234510379410100995e+02
2.462092401494625493e-01 8.854990001232943087e+02 7.024066883145429756e+02
2.500306851906323735e-01 8.596614866972511209e+02 6.819116007745715251e+02
2.539114433680347283e-01 8.345016791689207594e+02 6.619540860659668624e+02
2.578524352884273840e-01 8.100050086529106466e+02 6.425225879938756179e+02
2.618545958474232660e-01 7.861570791843292909e+02 6.236056875141516684e+02
2.659188744512693825e-01 7.629436724472735705e+02 6.051921064847859952e+02
2.700462352420682222e-01 7.403507520896688447e+02 5.872707110892015407e+02
2.742376573264949657e-01 7.183644676382499483e+02 5.698305149423400735e+02
2.784941350080644140e-01 6.969711580275137521e+02 5.528606818905218461e+02
2.828166780230032540e-01 6.761573547565186573e+02 5.363505285160817948e+02
2.872063117797828413e-01 6.559097846873413573e+02 5.202895263577305514e+02
2.916640776023703974e-01 6.362153724989808552e+02 5.046673038575969485e+02
2.961910329772553530e-01 6.170612428103934235e+02 4.894736480457848984e+02
3.007882518043099029e-01 5.984347219862304428e+02 4.746985059732264745e+02
3.054568246515431684e-01 5.803233396387080347e+02 4.603319859034792216e+02
3.101978590138096958e-01 5.627148298388632384e+02 4.463643582739809403e+02
3.150124795755328000e-01 5.455971320502774233e+02 4.327860564371387113e+02
3.199018284775063670e-01 5.289583917981120749e+02 4.195876771914466872e+02
3.248670655878374558e-01 5.127869610861052934e+02 4.067599811126547706e+02
3.299093687770939254e-01 4.970713985738979090e+02 3.942938926948162361e+02
3.350299341977229783e-01 4.818004695268365936e+02 3.821805003108333949e+02
3.402299765678067911e-01 4.669631455500938273e+02 3.704110560019088894e+02
3.455107294592218437e-01 4.525486041186984494e+02 3.589769751050866375e+02
3.508734455902713378e-01 4.385462279147432696e+02 3.478698357278297522e+02
3.563193971228585943e-01 4.249456039827716154e+02 3.370813780783558968e+02
3.618498759642748142e-01 4.117365227140109596e+02 3.266035036601984984e+02
3.674661940736689836e-01 3.989089766698326116e+02 3.164282743392219572e+02
3.731696837732753624e-01 3.864531592544892078e+02 3.065479112910678055e+02
3.789616980644717747e-01 3.743594632468684154e+02 2.969547938367577444e+02
3.848436109487430867e-01 3.626184792006848170e+02 2.876414581739241498e+02
3.908168177536265886e-01 3.512209937222136773e+02 2.786005960108936961e+02
3.968827354637163851e-01 3.401579876343460569e+02 2.698250531105867367e+02
4.030428030568052322e-01 3.294206340354326699e+02 2.613078277509470695e+02
4.092984818452440332e-01 3.190002962610643067e+02 2.530420691083735392e+02
4.156512558225989862e-01 3.088885257566292353e+02 2.450210755703623988e+02
4.221026320156900935e-01 2.990770598681725687e+02 2.372382929833371179e+02
4.286541408420927457e-01 2.895578195587768846e+02 2.296873128413917016e+02
4.353073364731889772e-01 2.803229070573904096e+02 2.223618704214390789e+02
4.420637972028532148e-01 2.713646034467186610e+02 2.152558428700159254e+02
4.489251258218605600e-01 2.626753661965231004e+02 2.083632472467745629e+02
4.558929499981061451e-01 2.542478266483616665e+02 2.016782385294487767e+02
4.629689226627265453e-01 2.460747874575504852e+02 1.951951075848799064e+02
4.701547224022132321e-01 2.381492199978378324e+02 1.889082791104580963e+02
4.774520538566128791e-01 2.304642617340191464e+02 1.828123095501269404e+02
4.848626481239080577e-01 2.230132135674628557e+02 1.769018849888931868e+02
4.923882631706739121e-01 2.157895371592657341e+02 1.711718190295863167e+02
5.000306842491092363e-01 2.087868522355101391e+02 1.656170506554141753e+02
5.077917243205400943e-01 2.019989338788508348e+02 1.602326420816699226e+02
5.156732244854965730e-01 1.954197098104421002e+02 1.550137765997709209e+02
5.236770544204653044e-01 1.890432576659755739e+02 1.499557564166212842e+02
5.318051128214199563e-01 1.828638022693963308e+02 1.450540004921277557e+02
5.400593278542371589e-01 1.768757129076471699e+02 1.403040423775262582e+02
5.484416576121018405e-01 1.710735006095936797e+02 1.357015280570210791e+02
5.569540905800133279e-01 1.654518154320853398e+02 1.312422137950795502e+02
5.655986461065004578e-01 1.600054437559237215e+02 1.269219639915818192e+02
5.743773748826583869e-01 1.547293055943218860e+02 1.227367490468750901e+02
5.832923594286203439e-01 1.496184519162788433e+02 1.186826432386552028e+02
5.923457145875803409e-01 1.446680619871083877e+02 1.147558226124522918e+02
6.015395880274835294e-01 1.398734407282201460e+02 1.109525628873839054e+02
6.108761607505036606e-01 1.352300160980839507e+02 1.072692373787093771e+02
6.203576476104271098e-01 1.307333364961721713e+02 1.037023149386068610e+02
6.299862978380690315e-01 1.263790681915279634e+02 1.002483579164820640e+02
6.397643955748426592e-01 1.221629927774764042e+02 9.690402014001203668e+01
6.496942604146120903e-01 1.180810046538698259e+02 9.366604491802586097e+01
6.597782479539536782e-01 1.141291085381323427e+02 9.053126306622920083e+01
6.700187503509587028e-01 1.103034170062585702e+02 8.749659095668550890e+01
6.804181968927097701e-01 1.066001480648042303e+02 8.455902859187942511e+01
6.909790545715641663e-01 1.030156227548100105e+02 8.171565770410845175e+01
7.017038286703826122e-01 9.954626278849157472e+01 7.896363988086375230e+01
7.125950633568407522e-01 9.618858821944211002e+01 7.630021471679216916e+01
7.236553422869653751e-01 9.293921514700029718e+01 7.372269799275677826e+01
7.348872892180383642e-01 8.979485345535002239e+01 7.122847988244777184e+01
7.462935686310133709e-01 8.675230458784460552e+01 6.881502318693078735e+01
7.578768863625926500e-01 8.380845935696565618e+01 6.647986159746176327e+01
7.696399902471158239e-01 8.096029579026040324e+01 6.422059798683869758e+01
7.815856707684091242e-01 7.820487701253051682e+01 6.203490272950816120e+01
7.937167617217550930e-01 7.553934916448604042e+01 5.992051205059558328e+01
8.060361408861345112e-01 7.296093935801302166e+01 5.787522640397764917e+01
8.185467307069028697e-01 7.046695366815568207e+01 5.589690887947632802e+01
8.312514989890631423e-01 6.805477516185243303e+01 5.398348363920610637e+01
8.441534596012985059e-01 6.572186196342299525e+01 5.213293438307283623e+01
8.572556731909324323e-01 6.346574535675591022e+01 5.034330284338228267e+01
8.705612479099864576e-01 6.128402792410122402e+01 4.861268730848551201e+01
8.840733401525062707e-01 5.917438172133677199e+01 4.693924117535426888e+01
8.977951553033323151e-01 5.713454648953615589e+01 4.532117153095172313e+01
9.117299484984922042e-01 5.516232790263509145e+01 4.375673776223650435e+01
9.258810253973954740e-01 5.325559585095829362e+01 4.224425019461186537e+01
9.402517429670131932e-01 5.141228276034181732e+01 4.078206875860949054e+01
9.548455102782293924e-01 4.963038194655829471e+01 3.936860168457581466e+01
9.696657893145520513e-01 4.790794600472594311e+01 3.800230422510824013e+01
9.847160957933773773e-01 4.624308523336191001e+01 3.668167740497157325e+01
1.000000000000000000e+00 4.463396609271777038e+01 3.540526679820747802e+01
